1	32.59856949	2.1216	2.395288	7225.844	659.008	2.122	0.00001724	0.0018	0.000851
2	35.65822312	1.0158	2.486353	3624.781	336.581	1.495	0.00003601	0.0018	0.001777
3	35.82316189	0.7157	-0.411712	2155.327	236.220	1.292	0.00005112	0.0018	0.002522
4	31.11058413	0.5646	2.665134	1784.588	174.791	1.191	0.00006480	0.0018	0.003197
5	29.30857423	0.5463	1.184620	1714.847	169.363	1.114	0.00006697	0.0018	0.003304
6	31.79201646	0.5303	-0.817776	1862.847	164.484	1.046	0.00006898	0.0018	0.003403
7	27.81356301	0.3623	-1.359836	908.218	111.772	0.975	0.00010097	0.0018	0.004981
8	33.49080418	0.3193	-2.553090	825.756	103.085	0.944	0.00011457	0.0018	0.005652
9	31.05789316	0.2997	2.229602	713.637	92.766	0.916	0.00012206	0.0018	0.006022
10	33.34080444	0.2906	-0.047517	725.392	93.201	0.893	0.00012589	0.0018	0.006211
11	13.65217685	0.2759	-2.436939	707.305	85.501	0.870	0.00013261	0.0018	0.006542
12	0.05703166	0.2947	-0.003129	658.681	96.747	0.848	0.00012413	0.0018	0.006124
13	40.25335199	0.2407	-0.773566	618.914	73.710	0.829	0.00015195	0.0018	0.007497
14	36.37860618	0.2162	-2.052278	547.504	70.466	0.810	0.00016918	0.0018	0.008347
15	27.05351826	0.2232	-3.136989	522.735	69.331	0.795	0.00016392	0.0018	0.008087
16	4.32305059	0.2343	-1.333121	542.166	71.799	0.780	0.00015614	0.0018	0.007703
17	21.89159010	0.2081	2.162397	530.202	59.655	0.765	0.00017583	0.0018	0.008675
18	34.10273802	0.1873	3.014044	425.376	61.389	0.751	0.00019532	0.0018	0.009636
19	24.39438984	0.1722	0.855631	384.367	50.309	0.740	0.00021242	0.0018	0.010480
20	39.07015345	0.1740	0.189109	382.240	53.049	0.730	0.00021020	0.0018	0.010371
21	36.75409664	0.1624	-2.492405	382.404	52.036	0.720	0.00022524	0.0018	0.011112
22	30.50386759	0.1701	0.684364	386.192	52.569	0.710	0.00021504	0.0018	0.010609
23	2.19027978	0.1529	0.992449	319.051	49.164	0.701	0.00023925	0.0018	0.011803
24	15.56429237	0.1464	0.358885	324.508	47.666	0.693	0.00024980	0.0018	0.012324
25	19.29104143	0.1428	1.955893	330.123	42.885	0.685	0.00025612	0.0018	0.012636
26	38.18628638	0.1265	0.543354	275.504	38.646	0.677	0.00028927	0.0018	0.014271
27	28.25829334	0.1349	-0.936464	279.043	41.037	0.671	0.00027124	0.0018	0.013382
28	35.52946280	0.1123	-2.605288	234.027	37.302	0.664	0.00032574	0.0018	0.016070
29	18.82635651	0.1183	2.375951	228.656	36.765	0.659	0.00030932	0.0018	0.015260
30	40.18442027	0.0976	0.832807	230.627	29.869	0.653	0.00037469	0.0018	0.018486
31	1.89881897	0.1059	2.960284	224.509	33.865	0.648	0.00034544	0.0018	0.017042
32	0.10902264	0.1512	-1.348554	215.163	49.634	0.643	0.00024196	0.0018	0.011937
33	35.62455049	0.0964	1.679482	218.065	31.981	0.638	0.00037930	0.0018	0.018713
34	2.30263739	0.1120	-0.547070	210.700	36.079	0.633	0.00032671	0.0018	0.016118
35	37.85748889	0.1027	-0.541969	211.290	31.348	0.628	0.00035621	0.0018	0.017574
36	31.20382877	0.0997	2.461095	209.198	30.887	0.624	0.00036684	0.0018	0.018098
37	37.48735055	0.1134	0.741962	209.237	34.700	0.619	0.00032269	0.0018	0.015920
38	2.39270087	0.1061	1.065636	210.058	34.238	0.614	0.00034486	0.0018	0.017014
39	53.68998252	0.0978	-0.447769	198.966	31.718	0.610	0.00037414	0.0018	0.018458
40	4.81579927	0.1075	-1.163954	200.008	32.753	0.606	0.00034045	0.0018	0.016796
41	45.71460589	0.0978	-1.037892	190.809	30.689	0.601	0.00037404	0.0018	0.018453
42	35.36087443	0.0888	1.989262	177.545	29.466	0.597	0.00041214	0.0018	0.020333
43	38.93299170	0.0928	-1.371586	176.997	28.323	0.594	0.00039411	0.0018	0.019444
44	11.23851905	0.0985	0.578710	171.763	29.877	0.590	0.00037152	0.0018	0.018329
45	26.20918771	0.0912	2.614639	181.165	27.911	0.586	0.00040133	0.0018	0.019800
46	29.84734370	0.0909	1.160434	172.152	28.323	0.583	0.00040251	0.0018	0.019858
47	48.87780781	0.0758	-0.041618	166.172	23.727	0.579	0.00048276	0.0018	0.023817
48	24.34752268	0.0942	-0.055864	163.649	27.496	0.576	0.00038851	0.0018	0.019167
49	2.13465952	0.0928	2.769601	165.110	29.809	0.572	0.00039418	0.0018	0.019447
50	4.37191456	0.0875	2.381713	159.124	26.787	0.569	0.00041785	0.0018	0.020615
51	6.29013331	0.0850	1.462066	159.366	25.940	0.566	0.00043034	0.0018	0.021231
52	38.07365051	0.0778	-1.081689	146.181	23.754	0.563	0.00047044	0.0018	0.023209
53	38.48860993	0.0720	0.153327	134.991	22.036	0.560	0.00050784	0.0018	0.025054
54	40.59004463	0.0789	0.592985	137.418	24.261	0.557	0.00046344	0.0018	0.022864
55	0.37960775	0.0719	1.531740	131.097	23.609	0.554	0.00050867	0.0018	0.025095
56	33.44726791	0.0689	-2.950146	129.025	22.194	0.552	0.00053112	0.0018	0.026203
57	27.73621021	0.0679	-0.391533	129.849	20.985	0.549	0.00053909	0.0018	0.026596
58	25.20384823	0.0774	-0.834411	128.070	22.936	0.547	0.00047287	0.0018	0.023329
59	50.22698677	0.0741	-1.716880	126.212	24.095	0.544	0.00049354	0.0018	0.024349
60	6.10566555	0.0697	-1.129806	125.334	21.298	0.542	0.00052469	0.0018	0.025886
61	26.06490374	0.0634	-2.145859	122.792	19.302	0.540	0.00057712	0.0018	0.028473
62	10.03619651	0.0656	-0.129214	121.128	20.040	0.537	0.00055773	0.0018	0.027516
63	16.24700410	0.0657	1.974438	117.064	21.350	0.535	0.00055706	0.0018	0.027483
64	7.84113775	0.0570	-1.089379	117.121	17.280	0.533	0.00064126	0.0018	0.031637
65	32.99264014	0.0635	0.401876	114.587	20.069	0.531	0.00057584	0.0018	0.028409
66	30.83172176	0.0669	-1.463586	110.701	20.698	0.528	0.00054652	0.0018	0.026963
67	41.04971441	0.0679	2.706280	109.189	20.992	0.526	0.00053888	0.0018	0.026586
68	0.16419220	0.0720	0.159032	108.998	23.645	0.524	0.00050791	0.0018	0.025058
69	41.22735821	0.0626	2.389551	108.499	19.417	0.522	0.00058399	0.0018	0.028811
70	48.09854526	0.0586	-0.016056	101.207	18.156	0.520	0.00062479	0.0018	0.030824
71	40.15315003	0.0573	2.780491	99.704	17.511	0.518	0.00063890	0.0018	0.031520
72	36.43077314	0.0606	-3.124804	97.429	19.732	0.517	0.00060347	0.0018	0.029772
73	42.21909874	0.0638	-2.393092	95.197	20.490	0.515	0.00057357	0.0018	0.028297
74	28.36758813	0.0554	2.755275	95.595	16.790	0.513	0.00066071	0.0018	0.032596
75	4.77197379	0.0618	-1.279558	92.096	18.836	0.511	0.00059182	0.0018	0.029198
76	46.69939475	0.0619	-1.116902	97.899	18.947	0.510	0.00059111	0.0018	0.029163
77	48.68323978	0.0526	-1.406293	88.928	16.349	0.508	0.00069558	0.0018	0.034317
78	19.51828711	0.0496	-0.588994	85.928	14.654	0.506	0.00073720	0.0018	0.036370
79	2.42414737	0.0538	2.186534	85.668	17.376	0.505	0.00067993	0.0018	0.033544
80	31.62717415	0.0522	-0.354469	86.079	16.205	0.503	0.00070026	0.0018	0.034547
81	31.11522055	0.0595	-2.803925	86.107	18.425	0.502	0.00061471	0.0018	0.030327
82	30.76565662	0.0524	0.587393	87.404	16.184	0.500	0.00069876	0.0018	0.034473
83	56.94332318	0.0537	1.051998	86.097	16.669	0.499	0.00068168	0.0018	0.033631
84	40.76132372	0.0513	-2.472037	84.112	15.802	0.497	0.00071316	0.0018	0.035184
85	35.93324368	0.0557	-1.397619	83.207	18.345	0.496	0.00065655	0.0018	0.032391
86	50.48251722	0.0518	1.302144	79.519	16.916	0.494	0.00070623	0.0018	0.034842
87	0.46127255	0.0529	1.748758	77.844	17.365	0.493	0.00069159	0.0018	0.034120
88	36.26570742	0.0493	2.887000	76.650	16.113	0.492	0.00074178	0.0018	0.036596
89	47.37494387	0.0467	-1.049930	75.180	14.474	0.490	0.00078354	0.0018	0.038656
90	23.78889328	0.0523	-2.431661	74.641	15.187	0.489	0.00070011	0.0018	0.034540
91	3.76698183	0.0523	-2.299578	74.842	16.313	0.488	0.00069973	0.0018	0.034521
92	33.91481428	0.0481	-1.595789	74.403	15.706	0.486	0.00076018	0.0018	0.037504
93	23.47233781	0.0434	-2.342276	73.659	12.577	0.485	0.00084335	0.0018	0.041607
94	22.39345450	0.0458	-0.049777	73.399	13.185	0.484	0.00079940	0.0018	0.039438
95	30.30921126	0.0487	-0.517175	69.045	15.083	0.483	0.00075135	0.0018	0.037068
96	36.17432074	0.0449	0.719269	69.065	14.694	0.482	0.00081516	0.0018	0.040216
97	39.14659119	0.0431	1.175593	69.280	13.122	0.480	0.00084935	0.0018	0.041903
98	33.42077878	0.0432	0.103302	67.724	13.901	0.479	0.00084697	0.0018	0.041785
99	35.72861099	0.0520	0.349168	68.153	17.208	0.478	0.00070324	0.0018	0.034694
100	23.32747973	0.0429	-1.469480	67.576	12.429	0.477	0.00085271	0.0018	0.042069
101	39.49333914	0.0433	2.505167	67.414	13.170	0.476	0.00084412	0.0018	0.041645
102	34.50350787	0.0429	-1.715499	67.153	14.177	0.475	0.00085353	0.0018	0.042109
103	24.06280924	0.0455	-3.053096	66.498	13.268	0.474	0.00080322	0.0018	0.039627
104	46.92511864	0.0399	2.671391	66.174	12.262	0.472	0.00091721	0.0018	0.045251
105	26.67584245	0.0417	-2.387130	66.333	12.957	0.471	0.00087629	0.0018	0.043232
106	28.15601832	0.0483	1.981874	67.820	14.743	0.470	0.00075736	0.0018	0.037364
107	31.41715219	0.0492	2.992995	63.806	15.253	0.469	0.00074354	0.0018	0.036683
108	38.71240387	0.0498	-1.929818	63.026	15.214	0.468	0.00073485	0.0018	0.036254
109	5.13778857	0.0464	0.248306	63.124	14.165	0.467	0.00078901	0.0018	0.038926
110	0.58234846	0.0546	2.857270	62.311	17.905	0.466	0.00067000	0.0018	0.033055
111	28.50062287	0.0457	2.104582	62.187	13.794	0.465	0.00080095	0.0018	0.039515
112	51.76653222	0.0400	-1.434439	62.357	13.309	0.464	0.00091394	0.0018	0.045090
113	51.49054980	0.0426	-0.417211	62.067	14.232	0.463	0.00085812	0.0018	0.042336
114	36.70568402	0.0419	-2.285429	61.971	13.459	0.462	0.00087353	0.0018	0.043096
115	48.92434357	0.0441	-0.142042	61.139	13.818	0.461	0.00083040	0.0018	0.040968
116	44.28489439	0.0346	-2.937372	59.842	11.096	0.460	0.00105788	0.0018	0.052191
117	12.62475935	0.0426	-0.832230	60.540	12.702	0.459	0.00085897	0.0018	0.042378
118	42.08852600	0.0403	1.182113	59.543	12.861	0.458	0.00090815	0.0018	0.044804
119	37.45566336	0.0401	1.695007	57.757	12.296	0.457	0.00091241	0.0018	0.045014
120	1.85389496	0.0392	0.216080	57.553	12.532	0.456	0.00093268	0.0018	0.046014
121	40.04716864	0.0364	-1.319672	58.151	11.118	0.455	0.00100511	0.0018	0.049588
122	43.12689758	0.0408	0.115235	58.008	13.375	0.454	0.00089663	0.0018	0.044235
123	37.53458747	0.0436	2.202100	57.660	13.307	0.453	0.00083907	0.0018	0.041396
124	50.33181836	0.0376	-3.131327	57.517	12.256	0.452	0.00097207	0.0018	0.047958
125	11.53180631	0.0427	-1.973994	57.598	13.014	0.451	0.00085681	0.0018	0.042271
126	35.78632735	0.0427	2.284734	57.571	14.102	0.451	0.00085699	0.0018	0.042280
127	38.02143222	0.0447	-1.508804	57.201	13.651	0.450	0.00081849	0.0018	0.040380
128	26.12759745	0.0396	-2.740923	56.858	12.092	0.449	0.00092350	0.0018	0.045561
129	51.56396238	0.0393	1.938416	56.196	13.123	0.448	0.00093156	0.0018	0.045959
130	4.28449786	0.0336	-2.166586	56.312	10.325	0.447	0.00108718	0.0018	0.053636
131	6.47802818	0.0391	-2.074577	54.072	11.913	0.446	0.00093606	0.0018	0.046181
132	0.21086318	0.0366	-2.214570	51.998	12.011	0.445	0.00099988	0.0018	0.049330
133	38.90492657	0.0303	-2.498653	51.389	9.253	0.444	0.00120664	0.0018	0.059530
134	52.15097574	0.0374	0.459104	49.526	12.331	0.443	0.00097711	0.0018	0.048206
135	23.19964618	0.0364	-2.354808	49.820	10.530	0.443	0.00100586	0.0018	0.049625
136	30.61437024	0.0316	-1.006111	49.397	9.764	0.442	0.00115737	0.0018	0.057099
137	41.61193555	0.0375	0.224682	49.406	11.696	0.441	0.00097647	0.0018	0.048175
138	40.21744757	0.0326	2.419281	49.555	9.990	0.440	0.00112074	0.0018	0.055292
139	45.45278321	0.0355	-2.773568	49.405	11.204	0.440	0.00103098	0.0018	0.050864
140	8.11895206	0.0365	0.445747	49.072	10.986	0.439	0.00100143	0.0018	0.049406
141	33.31033588	0.0322	3.109838	49.131	10.300	0.438	0.00113760	0.0018	0.056124
142	3.23552755	0.0349	0.138870	48.865	11.080	0.437	0.00104716	0.0018	0.051662
143	5.69232861	0.0371	0.361017	49.377	11.347	0.437	0.00098710	0.0018	0.048699
144	24.73208126	0.0348	-2.114744	49.172	10.221	0.436	0.00105087	0.0018	0.051845
145	45.90307095	0.0345	1.881675	49.330	10.751	0.435	0.00106103	0.0018	0.052346
146	14.83322425	0.0403	-0.321362	48.334	12.761	0.434	0.00090762	0.0018	0.044778
147	43.76514326	0.0323	2.174568	48.132	10.530	0.434	0.00113419	0.0018	0.055955
148	58.47670918	0.0380	-0.809887	48.323	11.858	0.433	0.00096385	0.0018	0.047552
149	26.52368773	0.0353	2.556585	48.419	10.938	0.432	0.00103663	0.0018	0.051142
150	41.50367682	0.0331	-2.260548	53.124	10.287	0.431	0.00110637	0.0018	0.054583
151	13.22974757	0.0369	2.967993	47.988	11.288	0.431	0.00099019	0.0018	0.048852
152	49.74709854	0.0357	0.844174	47.306	11.519	0.430	0.00102359	0.0018	0.050499
153	4.84839437	0.0324	0.261933	45.732	9.874	0.429	0.00112953	0.0018	0.055726
154	44.53707826	0.0365	1.530066	45.606	11.618	0.428	0.00100206	0.0018	0.049437
155	8.79524957	0.0357	-2.595397	45.548	10.732	0.428	0.00102458	0.0018	0.050548
156	0.52570537	0.0358	2.243124	45.238	11.767	0.427	0.00102064	0.0018	0.050353
157	38.62859509	0.0354	0.202640	45.026	10.841	0.426	0.00103194	0.0018	0.050911
158	46.45291513	0.0353	-0.373537	44.219	10.798	0.426	0.00103765	0.0018	0.051193
159	55.17823291	0.0353	-0.164953	44.205	11.007	0.425	0.00103716	0.0018	0.051169
160	17.88434129	0.0330	-1.890275	42.829	10.572	0.424	0.00110693	0.0018	0.054611
161	2.01486634	0.0353	-2.517249	42.831	11.322	0.424	0.00103547	0.0018	0.051085
162	13.69923689	0.0289	0.510808	42.471	8.966	0.423	0.00126525	0.0018	0.062422
163	44.32878232	0.0297	1.194334	40.869	9.516	0.423	0.00123169	0.0018	0.060766
164	56.51711310	0.0341	-0.342200	40.680	10.457	0.422	0.00107145	0.0018	0.052860
165	58.27430915	0.0295	-0.035760	40.176	9.264	0.421	0.00123825	0.0018	0.061089
166	36.05789688	0.0278	1.287806	39.450	9.129	0.421	0.00131562	0.0018	0.064906
167	36.67390619	0.0316	0.078256	39.749	10.191	0.420	0.00115599	0.0018	0.057031
168	24.42192366	0.0320	-2.415058	39.704	9.357	0.420	0.00114239	0.0018	0.056360
169	34.63580156	0.0280	0.085160	39.206	9.272	0.419	0.00130677	0.0018	0.064470
170	39.26071411	0.0299	2.509769	38.664	9.111	0.418	0.00122225	0.0018	0.060300
171	37.69724826	0.0337	1.611301	38.755	10.285	0.418	0.00108509	0.0018	0.053533
172	33.66150867	0.0334	-0.999951	38.582	10.831	0.417	0.00109601	0.0018	0.054072
173	19.11779147	0.0318	-1.687977	38.132	9.659	0.417	0.00115180	0.0018	0.056825
174	7.60033172	0.0295	0.415850	38.259	8.995	0.416	0.00123966	0.0018	0.061159
175	9.87495714	0.0284	2.500786	37.744	8.719	0.415	0.00128909	0.0018	0.063598
176	63.23952216	0.0324	2.737423	37.123	9.856	0.415	0.00113036	0.0018	0.055767
177	45.67825563	0.0339	2.491176	37.131	10.641	0.414	0.00107998	0.0018	0.053281
178	47.70567810	0.0291	-0.223235	38.179	9.033	0.414	0.00125852	0.0018	0.062089
179	5.41083929	0.0284	-1.663588	36.941	8.703	0.413	0.00128663	0.0018	0.063476
180	25.91971889	0.0287	1.846791	36.152	8.704	0.413	0.00127279	0.0018	0.062794
181	42.15811918	0.0306	-2.281039	36.028	9.799	0.412	0.00119589	0.0018	0.059000
182	55.25492370	0.0300	0.946512	36.409	9.343	0.412	0.00121949	0.0018	0.060164
183	61.27644569	0.0301	2.808906	36.128	9.369	0.411	0.00121616	0.0018	0.060000
184	32.01589969	0.0322	1.238967	36.095	9.986	0.411	0.00113598	0.0018	0.056044
185	10.96520949	0.0302	-1.364207	36.334	9.125	0.410	0.00121133	0.0018	0.059762
186	12.17568150	0.0289	-2.880064	35.604	8.688	0.410	0.00126381	0.0018	0.062351
187	12.47614164	0.0304	-2.002981	35.415	9.053	0.409	0.00120383	0.0018	0.059391
188	37.30516554	0.0315	2.882361	35.416	9.751	0.409	0.00116116	0.0018	0.057286
189	11.14986292	0.0295	-1.729942	34.915	8.925	0.408	0.00124197	0.0018	0.061273
190	43.68152020	0.0300	-0.657439	34.969	9.809	0.408	0.00122099	0.0018	0.060238
191	21.61268162	0.0271	-0.758973	34.692	7.739	0.407	0.00135164	0.0018	0.066684
192	60.81656231	0.0298	-2.210853	34.150	9.272	0.407	0.00122606	0.0018	0.060488
193	25.47577701	0.0337	2.338720	34.055	10.033	0.406	0.00108711	0.0018	0.053633
194	10.51278615	0.0303	2.195203	37.643	9.098	0.406	0.00120864	0.0018	0.059628
195	38.44516163	0.0297	2.085052	38.335	9.095	0.405	0.00123019	0.0018	0.060692
196	37.90879512	0.0278	0.872650	34.141	8.485	0.405	0.00131628	0.0018	0.064939
197	4.24602914	0.0271	1.552413	33.667	8.322	0.404	0.00135046	0.0018	0.066625
198	6.60640905	0.0250	-2.497777	33.831	7.629	0.404	0.00146118	0.0018	0.072088
199	2.22803936	0.0231	0.934580	33.755	7.420	0.403	0.00158638	0.0018	0.078264
200	34.77483191	0.0284	-0.019018	33.437	9.423	0.403	0.00128646	0.0018	0.063468
201	23.60578754	0.0268	-0.721766	32.861	7.778	0.402	0.00136482	0.0018	0.067334
202	40.48746018	0.0346	-2.473575	32.897	10.611	0.402	0.00105831	0.0018	0.052212
203	31.31954160	0.0285	1.680319	32.055	8.839	0.401	0.00128254	0.0018	0.063275
204	9.73388470	0.0231	-1.551966	31.283	7.143	0.401	0.00158111	0.0018	0.078005
205	10.26674767	0.0305	1.554474	31.367	9.239	0.400	0.00120021	0.0018	0.059213
206	4.43593333	0.0250	0.664560	30.582	7.646	0.400	0.00146094	0.0018	0.072076
207	17.41546457	0.0226	0.784288	33.923	7.263	0.399	0.00161981	0.0018	0.079914
208	27.02680823	0.0229	2.773578	31.104	7.099	0.399	0.00160071	0.0018	0.078972
209	0.92843265	0.0203	-2.385784	31.533	6.594	0.399	0.00179851	0.0018	0.088730
210	0.25852330	0.0298	0.479602	31.517	9.782	0.398	0.00122766	0.0018	0.060567
211	30.55622185	0.0317	-1.073374	30.997	9.790	0.398	0.00115409	0.0018	0.056937
212	1.80182955	0.0264	1.183121	30.850	8.421	0.397	0.00138665	0.0018	0.068411
213	2.55259236	0.0249	-0.806780	31.749	8.070	0.397	0.00146729	0.0018	0.072389
214	49.39830590	0.0244	-2.073897	30.364	7.799	0.396	0.00149783	0.0018	0.073896
215	2.89122995	0.0234	-1.876855	29.926	7.496	0.396	0.00156377	0.0018	0.077149
216	29.37828961	0.0261	1.102983	29.327	8.122	0.395	0.00140003	0.0018	0.069071
217	49.31755681	0.0257	2.039290	29.303	8.173	0.395	0.00142493	0.0018	0.070299
218	1.25267119	0.0263	0.882847	29.314	8.446	0.395	0.00138948	0.0018	0.068551
219	45.41346734	0.0274	-1.133920	29.020	8.639	0.394	0.00133743	0.0018	0.065982
220	0.73589147	0.0270	-1.903306	28.980	8.801	0.394	0.00135614	0.0018	0.066906
221	0.97396956	0.0282	-0.308956	29.083	9.139	0.393	0.00129580	0.0018	0.063929
222	51.11186060	0.0256	1.584946	28.711	8.472	0.393	0.00142939	0.0018	0.070519
223	3.67314486	0.0220	-0.456523	28.577	6.885	0.393	0.00166287	0.0018	0.082038
224	38.76855344	0.0253	-1.653969	28.591	7.743	0.392	0.00144322	0.0018	0.071202
225	38.11952261	0.0257	1.120183	28.302	7.866	0.392	0.00142092	0.0018	0.070101
226	33.21972321	0.0233	3.131852	27.978	7.445	0.391	0.00156763	0.0018	0.077339
227	46.20322170	0.0257	0.320434	28.139	7.941	0.391	0.00142251	0.0018	0.070180
228	20.60112567	0.0243	-1.378156	27.820	6.902	0.391	0.00150721	0.0018	0.074359
229	4.74495875	0.0188	2.058356	27.698	5.742	0.390	0.00194100	0.0018	0.095760
230	0.35391741	0.0208	-0.019539	27.900	6.840	0.390	0.00175577	0.0018	0.086622
231	2.76733466	0.0235	-0.127770	26.980	7.547	0.389	0.00155895	0.0018	0.076911
232	6.53365834	0.0227	-2.487343	26.909	6.922	0.389	0.00161056	0.0018	0.079457
233	0.64062788	0.0269	0.310362	26.778	8.794	0.389	0.00136151	0.0018	0.067171
234	9.37051190	0.0233	-2.107967	26.927	7.191	0.388	0.00156815	0.0018	0.077365
235	1.02834033	0.0244	1.647138	26.482	7.895	0.388	0.00149735	0.0018	0.073872
236	26.89064078	0.0239	-3.122176	26.398	7.413	0.388	0.00153257	0.0018	0.075610
237	3.87769001	0.0211	0.040501	26.334	6.551	0.387	0.00173618	0.0018	0.085655
238	7.43070769	0.0203	0.630492	25.747	6.205	0.387	0.00179912	0.0018	0.088760
239	34.42866631	0.0222	2.460142	24.702	7.345	0.387	0.00164468	0.0018	0.081141
240	40.43962692	0.0216	-1.060249	24.527	6.633	0.386	0.00169224	0.0018	0.083487
241	22.57624701	0.0208	0.065856	24.397	6.007	0.386	0.00175753	0.0018	0.086708
242	36.82872074	0.0230	-1.503019	24.518	7.319	0.386	0.00159389	0.0018	0.078635
243	16.33777178	0.0240	-1.131172	24.328	7.806	0.385	0.00152335	0.0018	0.075155
244	31.16891776	0.0215	1.767504	24.087	6.668	0.385	0.00169899	0.0018	0.083820
245	11.42359171	0.0252	1.199352	24.080	7.660	0.385	0.00145320	0.0018	0.071694
246	47.13341369	0.0236	-0.124016	24.083	7.277	0.384	0.00155155	0.0018	0.076546
247	13.54322314	0.0229	2.658390	24.085	7.082	0.384	0.00159865	0.0018	0.078870
248	35.55563092	0.0196	-2.123409	23.651	6.495	0.384	0.00187059	0.0018	0.092286
249	13.02077984	0.0235	1.663568	23.703	7.128	0.383	0.00155506	0.0018	0.076719
250	13.96438535	0.0220	-2.280912	22.880	6.835	0.383	0.00166503	0.0018	0.082145
251	41.40289345	0.0209	3.137951	22.953	6.487	0.383	0.00175205	0.0018	0.086438
252	49.07673843	0.0244	-2.456199	22.807	7.696	0.382	0.00149945	0.0018	0.073976
253	30.20553192	0.0217	0.537286	22.761	6.737	0.382	0.00168433	0.0018	0.083097
254	34.91030872	0.0226	-0.734782	22.770	7.493	0.382	0.00161858	0.0018	0.079853
255	47.03581973	0.0234	-2.563703	22.363	7.204	0.381	0.00156432	0.0018	0.077176
256	47.41705697	0.0242	2.839846	22.221	7.520	0.381	0.00150938	0.0018	0.074466
257	47.50847960	0.0226	1.559252	24.089	7.025	0.381	0.00161850	0.0018	0.079849
258	4.20329889	0.0213	-1.265431	22.256	6.556	0.380	0.00171665	0.0018	0.084691
259	12.70072469	0.0224	2.389245	22.209	6.711	0.380	0.00163054	0.0018	0.080443
260	31.81995282	0.0219	-1.054143	22.228	6.781	0.380	0.00167313	0.0018	0.082544
261	31.71950759	0.0214	0.950026	22.701	6.636	0.380	0.00170978	0.0018	0.084352
262	0.85682733	0.0266	-3.059122	22.096	8.632	0.379	0.00137717	0.0018	0.067943
263	0.80601584	0.0261	-0.790590	23.090	8.502	0.379	0.00140069	0.0018	0.069103
264	22.21667112	0.0221	-0.385565	21.879	6.354	0.379	0.00165585	0.0018	0.081692
265	52.75383913	0.0209	0.498135	21.968	6.807	0.378	0.00175236	0.0018	0.086453
266	52.65080795	0.0222	2.350239	23.095	7.247	0.378	0.00164622	0.0018	0.081217
267	50.60683837	0.0200	2.855248	22.167	6.550	0.378	0.00182826	0.0018	0.090198
268	55.38957610	0.0219	-2.763173	22.256	6.805	0.377	0.00166825	0.0018	0.082304
269	42.43013180	0.0209	2.238324	22.567	6.799	0.377	0.00174633	0.0018	0.086156
270	51.28967512	0.0193	2.887068	22.102	6.400	0.377	0.00189959	0.0018	0.093717
271	6.87467892	0.0180	-2.239736	22.285	5.500	0.377	0.00202796	0.0018	0.100050
272	27.89154287	0.0190	-1.099087	21.705	5.852	0.376	0.00192367	0.0018	0.094905
273	15.69482867	0.0217	0.795538	21.361	7.046	0.376	0.00168953	0.0018	0.083354
274	59.99175555	0.0204	2.068109	21.403	6.352	0.376	0.00179186	0.0018	0.088402
275	1.43060743	0.0193	1.389329	21.419	6.143	0.375	0.00189922	0.0018	0.093698
276	7.88269093	0.0190	3.014362	21.152	5.749	0.375	0.00192529	0.0018	0.094985
277	28.72512485	0.0193	-0.178885	20.720	5.860	0.375	0.00189443	0.0018	0.093463
278	36.12227881	0.0229	-2.118113	20.561	7.520	0.375	0.00159471	0.0018	0.078675
279	22.81504783	0.0199	-3.039617	20.542	5.750	0.374	0.00183830	0.0018	0.090693
280	6.37550952	0.0187	-0.925882	20.477	5.692	0.374	0.00196033	0.0018	0.096714
281	46.54387003	0.0211	2.218654	20.190	6.450	0.374	0.00173204	0.0018	0.085451
282	24.37388109	0.0152	-2.214723	20.149	4.430	0.373	0.00241189	0.0018	0.118992
283	33.46123131	0.0235	-2.294139	20.087	7.583	0.373	0.00155552	0.0018	0.076742
284	49.17370621	0.0189	0.228564	20.128	5.986	0.373	0.00193487	0.0018	0.095457
285	41.08737047	0.0170	0.628864	20.109	5.263	0.373	0.00215069	0.0018	0.106105
286	13.78391171	0.0197	3.009144	20.960	6.129	0.372	0.00185270	0.0018	0.091404
287	21.08967262	0.0190	-1.634411	19.843	5.410	0.372	0.00192773	0.0018	0.095105
288	11.22290930	0.0210	1.054803	19.715	6.359	0.372	0.00174519	0.0018	0.086099
289	39.03995700	0.0198	-2.285503	19.470	6.051	0.372	0.00184343	0.0018	0.090946
290	17.58185336	0.0201	-2.966942	19.133	6.449	0.371	0.00182073	0.0018	0.089826
291	28.31088805	0.0223	2.359881	19.120	6.771	0.371	0.00164126	0.0018	0.080972
292	45.53528683	0.0223	-1.372049	19.211	7.033	0.371	0.00164119	0.0018	0.080969
293	32.56773731	0.0215	-1.834505	19.279	6.661	0.370	0.00170367	0.0018	0.084051
294	33.71421295	0.0161	-2.366747	19.426	5.216	0.370	0.00227865	0.0018	0.112418
295	49.53520923	0.0191	-0.048301	19.374	6.140	0.370	0.00191248	0.0018	0.094353
296	36.92969185	0.0190	0.765084	19.023	6.026	0.370	0.00192351	0.0018	0.094897
297	51.92504430	0.0185	2.000188	19.647	6.131	0.369	0.00197616	0.0018	0.097494
298	37.09041444	0.0193	-0.912555	19.703	6.068	0.369	0.00189101	0.0018	0.093294
299	1.58875692	0.0234	2.477377	19.055	7.450	0.369	0.00156112	0.0018	0.077018
300	46.30228789	0.0201	-0.111051	18.831	6.181	0.369	0.00182164	0.0018	0.089871
301	64.76952591	0.0180	1.460333	18.665	5.591	0.368	0.00203072	0.0018	0.100186
302	4.94139856	0.0174	3.021744	18.593	5.315	0.368	0.00209972	0.0018	0.103590
303	69.52448337	0.0179	1.158067	18.323	5.546	0.368	0.00204441	0.0018	0.100862
304	65.60429839	0.0181	-1.870447	18.058	5.692	0.368	0.00201670	0.0018	0.099495
305	55.87356818	0.0180	1.522024	17.912	5.543	0.367	0.00203335	0.0018	0.100316
306	23.24070728	0.0199	1.130720	17.878	5.769	0.367	0.00183634	0.0018	0.090596
307	38.26334650	0.0202	-1.300505	17.911	6.171	0.367	0.00181212	0.0018	0.089402
308	35.23205999	0.0164	1.324203	17.733	5.436	0.367	0.00223307	0.0018	0.110169
309	2.17423288	0.0184	0.214956	17.689	5.910	0.367	0.00198952	0.0018	0.098154
310	1.06601412	0.0201	-2.193267	17.615	6.472	0.366	0.00182436	0.0018	0.090005
311	1.49209731	0.0163	-2.614920	17.677	5.199	0.366	0.00223975	0.0018	0.110499
312	15.42536557	0.0197	-1.571963	17.575	6.370	0.366	0.00186017	0.0018	0.091772
313	32.08779021	0.0160	-1.301439	17.417	4.974	0.366	0.00228054	0.0018	0.112511
314	41.55419542	0.0177	1.992369	17.508	5.507	0.365	0.00206848	0.0018	0.102049
315	22.05346220	0.0189	1.805139	17.391	5.424	0.365	0.00193691	0.0018	0.095558
316	3.33128418	0.0190	-1.616468	17.280	5.995	0.365	0.00193001	0.0018	0.095218
317	9.13993025	0.0198	0.351504	17.163	6.042	0.365	0.00184738	0.0018	0.091141
318	52.84569787	0.0184	-2.892128	16.965	6.013	0.365	0.00198319	0.0018	0.097841
319	47.92432708	0.0218	-0.409497	16.920	6.773	0.364	0.00167659	0.0018	0.082715
320	2.93845789	0.0202	0.167279	16.744	6.467	0.364	0.00180997	0.0018	0.089296
321	37.60168092	0.0176	-1.441600	16.705	5.367	0.364	0.00207890	0.0018	0.102563
322	15.91355504	0.0207	0.818654	16.774	6.733	0.364	0.00176725	0.0018	0.087188
323	15.82883266	0.0224	2.150792	19.238	7.291	0.363	0.00163240	0.0018	0.080535
324	14.49430797	0.0174	2.767318	16.776	5.442	0.363	0.00210430	0.0018	0.103816
325	24.67637757	0.0183	2.793292	16.604	5.371	0.363	0.00199761	0.0018	0.098553
326	57.55096367	0.0174	1.340847	16.483	5.517	0.363	0.00210697	0.0018	0.103948
327	44.68086307	0.0161	1.721715	16.492	5.122	0.363	0.00226924	0.0018	0.111954
328	48.04040895	0.0187	1.378533	16.404	5.793	0.362	0.00195884	0.0018	0.096640
329	2.97576117	0.0177	2.778881	16.368	5.656	0.362	0.00206743	0.0018	0.101997
330	34.53134738	0.0199	-0.329297	16.477	6.584	0.362	0.00183910	0.0018	0.090732
331	31.85577350	0.0183	-1.425177	16.265	5.667	0.362	0.00200188	0.0018	0.098764
332	41.28378219	0.0163	-2.321179	16.071	5.056	0.361	0.00224456	0.0018	0.110736
333	40.72048412	0.0159	2.922533	15.933	4.910	0.361	0.00229403	0.0018	0.113177
334	37.34721442	0.0169	-3.131749	15.905	5.209	0.361	0.00216794	0.0018	0.106956
335	17.50622538	0.0146	3.020353	16.174	4.704	0.361	0.00249831	0.0018	0.123255
336	22.51943332	0.0179	-0.320962	16.008	5.173	0.361	0.00204006	0.0018	0.100647
337	17.68634512	0.0191	0.035997	15.639	6.132	0.360	0.00191263	0.0018	0.094360
338	19.65449493	0.0134	2.289039	15.637	3.947	0.360	0.00272078	0.0018	0.134231
339	33.38526803	0.0175	-1.578484	15.382	5.617	0.360	0.00209278	0.0018	0.103248
340	0.08593340	0.0260	-1.567199	15.340	8.547	0.360	0.00140516	0.0018	0.069324
341	0.29614400	0.0227	1.780499	18.501	7.441	0.360	0.00161403	0.0018	0.079629
342	1.71194338	0.0173	3.042561	16.271	5.498	0.359	0.00212017	0.0018	0.104599
343	28.64029137	0.0169	0.694251	17.063	5.120	0.359	0.00216164	0.0018	0.106645
344	10.73219611	0.0162	2.133028	15.592	4.875	0.359	0.00225901	0.0018	0.111449
345	5.26200780	0.0180	1.694909	15.356	5.512	0.359	0.00202935	0.0018	0.100119
346	3.62893039	0.0167	1.333323	15.478	5.245	0.358	0.00218599	0.0018	0.107847
347	24.28085285	0.0199	1.749537	15.745	5.817	0.358	0.00183540	0.0018	0.090550
348	3.95924680	0.0159	-2.027911	15.325	4.928	0.358	0.00230199	0.0018	0.113569
349	0.49775826	0.0170	-3.083819	15.238	5.573	0.358	0.00215486	0.0018	0.106311
350	34.36562097	0.0180	-1.272494	15.227	5.937	0.358	0.00203170	0.0018	0.100234
351	12.08824309	0.0162	-1.801078	15.210	4.863	0.357	0.00226289	0.0018	0.111641
352	7.27842467	0.0183	1.440943	14.785	5.592	0.357	0.00199572	0.0018	0.098460
353	53.00615946	0.0171	2.303060	14.751	5.586	0.357	0.00213408	0.0018	0.105286
354	5.07421352	0.0154	-1.212868	14.634	4.710	0.357	0.00237204	0.0018	0.117025
355	19.84195266	0.0177	2.293922	14.380	5.153	0.357	0.00206978	0.0018	0.102113
356	50.01744568	0.0161	1.607906	14.852	5.218	0.357	0.00227058	0.0018	0.112020
357	38.32517005	0.0148	0.350198	14.328	4.516	0.356	0.00247641	0.0018	0.122175
358	43.90520024	0.0167	-0.758602	14.229	5.417	0.356	0.00219427	0.0018	0.108255
359	44.96127819	0.0161	-0.432356	14.120	5.091	0.356	0.00227799	0.0018	0.112385
360	22.32739276	0.0175	1.914778	14.103	5.052	0.356	0.00208509	0.0018	0.102869
361	25.83254943	0.0144	-1.053530	13.965	4.354	0.356	0.00253565	0.0018	0.125097
362	44.02595340	0.0174	-2.894150	14.280	5.627	0.355	0.00210397	0.0018	0.103800
363	46.04480505	0.0169	-0.141644	14.221	5.234	0.355	0.00216925	0.0018	0.107021
364	42.35860469	0.0150	2.536977	13.967	4.852	0.355	0.00243872	0.0018	0.120315
365	54.43833630	0.0147	-2.364340	13.901	4.681	0.355	0.00248695	0.0018	0.122695
366	42.26389417	0.0158	1.048433	13.827	5.097	0.355	0.00231067	0.0018	0.113998
367	69.08995101	0.0174	0.237397	13.835	5.403	0.355	0.00210176	0.0018	0.103691
368	18.73735687	0.0160	2.027512	13.840	5.006	0.354	0.00228698	0.0018	0.112829
369	39.85240727	0.0157	-0.737068	13.810	4.789	0.354	0.00232814	0.0018	0.114860
370	49.03599440	0.0157	2.160349	13.743	4.943	0.354	0.00233106	0.0018	0.115003
371	20.06620956	0.0149	-1.096903	13.567	4.318	0.354	0.00245002	0.0018	0.120873
372	7.22115364	0.0162	0.517558	13.441	4.933	0.354	0.00226201	0.0018	0.111597
373	5.52400962	0.0156	0.662165	13.442	4.776	0.354	0.00234660	0.0018	0.115770
374	22.91981331	0.0156	2.250552	13.472	4.502	0.353	0.00234933	0.0018	0.115905
375	28.85893255	0.0149	-0.583522	13.083	4.543	0.353	0.00245586	0.0018	0.121161
376	41.14620409	0.0164	-1.335090	13.007	5.081	0.353	0.00222906	0.0018	0.109972
377	39.96591003	0.0145	-1.772352	12.962	4.437	0.353	0.00251621	0.0018	0.124138
378	31.93572041	0.0152	-2.947156	12.764	4.722	0.353	0.00240254	0.0018	0.118530
379	32.47292059	0.0178	-1.258549	12.990	5.520	0.353	0.00205434	0.0018	0.101352
380	41.35539824	0.0156	2.289849	12.700	4.832	0.352	0.00235062	0.0018	0.115969
381	1.34116403	0.0172	2.204284	12.709	5.513	0.352	0.00212232	0.0018	0.104705
382	1.39373258	0.0168	-0.383386	13.866	5.378	0.352	0.00217224	0.0018	0.107168
383	43.56535529	0.0152	-0.162861	12.630	4.988	0.352	0.00241027	0.0018	0.118911
384	36.34612091	0.0131	-2.801031	12.620	4.288	0.352	0.00278229	0.0018	0.137265
385	15.50393611	0.0170	-0.244055	12.671	5.522	0.352	0.00215249	0.0018	0.106194
386	11.74174196	0.0154	-2.540324	12.554	4.674	0.351	0.00237470	0.0018	0.117157
387	73.84492309	0.0143	-1.521523	12.499	5.307	0.351	0.00255714	0.0018	0.126157
388	42.92931628	0.0144	2.381718	12.505	4.712	0.351	0.00254155	0.0018	0.125388
389	34.13968637	0.0132	0.589049	12.408	4.323	0.351	0.00277563	0.0018	0.136936
390	62.88081781	0.0148	1.615627	12.454	4.513	0.351	0.00246551	0.0018	0.121637
391	7.13162133	0.0144	-2.295258	11.964	4.405	0.351	0.00253298	0.0018	0.124966
392	75.77703476	0.0132	0.995923	11.808	4.745	0.351	0.00277462	0.0018	0.136887
393	16.19971157	0.0141	1.256298	11.735	4.583	0.350	0.00259516	0.0018	0.128033
394	61.55205593	0.0133	-2.942733	11.781	4.151	0.350	0.00274860	0.0018	0.135603
395	8.53083206	0.0141	-2.458618	11.721	4.207	0.350	0.00258767	0.0018	0.127664
396	47.87850693	0.0140	-3.008153	11.607	4.349	0.350	0.00261169	0.0018	0.128849
397	44.15335185	0.0136	-0.863868	11.546	4.368	0.350	0.00269904	0.0018	0.133158
398	35.89942169	0.0133	1.331731	11.596	4.388	0.350	0.00274718	0.0018	0.135533
399	44.40764999	0.0145	-1.256015	11.391	4.643	0.349	0.00251811	0.0018	0.124232
400	6.64786572	0.0129	2.621019	11.366	3.942	0.349	0.00282833	0.0018	0.139537
401	40.30153657	0.0148	-2.042881	11.378	4.543	0.349	0.00246682	0.0018	0.121702
402	65.20356702	0.0141	-1.824293	11.416	4.409	0.349	0.00259219	0.0018	0.127886
403	17.53948560	0.0131	0.564995	11.413	4.198	0.349	0.00279822	0.0018	0.138051
404	41.78170642	0.0129	-1.311824	11.338	4.056	0.349	0.00283849	0.0018	0.140038
405	38.21651648	0.0159	-2.832188	11.316	4.872	0.349	0.00229485	0.0018	0.113217
406	25.24126823	0.0138	0.260769	11.601	4.084	0.349	0.00265765	0.0018	0.131116
407	47.27601831	0.0136	3.010413	10.946	4.213	0.348	0.00268695	0.0018	0.132562
408	67.49609155	0.0136	-1.251254	10.761	4.260	0.348	0.00269326	0.0018	0.132873
409	15.74277005	0.0137	-0.287807	10.752	4.455	0.348	0.00267196	0.0018	0.131822
410	40.79990509	0.0130	-2.390346	10.620	4.022	0.348	0.00280363	0.0018	0.138318
411	32.76257739	0.0140	-2.473844	10.604	4.370	0.348	0.00261874	0.0018	0.129196
412	3.05082261	0.0128	-1.020382	10.584	4.079	0.348	0.00286039	0.0018	0.141118
413	61.77524811	0.0115	-3.023425	10.578	3.560	0.348	0.00318642	0.0018	0.157203
414	35.47856190	0.0119	-2.625553	10.329	3.945	0.347	0.00307989	0.0018	0.151947
415	42.11584038	0.0127	-1.394619	10.342	4.072	0.347	0.00287171	0.0018	0.141677
416	2.04837625	0.0151	-1.272800	10.351	4.840	0.347	0.00242356	0.0018	0.119567
417	16.51599651	0.0155	-0.969405	10.323	5.042	0.347	0.00235798	0.0018	0.116332
418	46.61339418	0.0126	-2.832866	10.309	3.857	0.347	0.00289916	0.0018	0.143031
419	7.72698342	0.0128	-2.044961	10.079	3.894	0.347	0.00285383	0.0018	0.140795
420	52.51674496	0.0131	2.847469	10.064	4.266	0.347	0.00279911	0.0018	0.138095
421	43.82732531	0.0146	-2.842375	10.088	4.766	0.347	0.00250072	0.0018	0.123374
422	55.66919870	0.0137	-0.647782	10.082	4.227	0.346	0.00267193	0.0018	0.131820